9 35
3 432 4 1 1 2 1 3 1 3 2
4 4 2 1 2 1 3
0 2 1 1 4
1 11 2 1 5 1 6
1 19 3 1 7 2 7 2 6
2 2 2 1 8 2 8
2 1 2 1 9 2 9
2 1 2 2 2 2 3
4 3 2 2 4 2 5
2 7 2 3 3 3 4
2 3 2 3 5 3 6
3 210 3 3 7 3 8 3 9
3 12 3 4 1 4 2 5 2
3 12 2 4 3 4 4
2 3 2 4 5 4 6
3 504 3 4 7 4 8 4 9
2 1 2 5 1 6 1
1 21 3 5 3 6 3 6 2
1 6 2 5 4 6 4
2 2 2 5 5 5 6
2 1 2 5 7 5 8
2 8 2 5 9 6 9
1 13 2 6 5 7 5
2 2 2 6 6 7 6
1 11 2 6 7 6 8
2 1 2 7 1 8 1
1 17 3 7 2 7 3 8 2
1 24 4 7 4 8 3 8 4 8 5
4 2 2 7 7 7 8
2 6 2 7 9 8 9
1 19 3 8 6 9 6 9 7
1 9 3 8 7 8 8 9 8
3 40 3 9 1 9 2 9 3
2 2 2 9 4 9 5
0 3 1 9 9
