9 35
1 23 4 1 1 2 1 3 1 4 1
3 210 4 1 2 1 3 2 2 2 3
4 4 2 1 4 2 4
4 3 2 1 5 2 5
2 2 2 1 6 1 7
2 8 2 1 8 1 9
2 1 2 2 6 2 7
4 4 2 2 8 2 9
0 3 1 3 2
2 2 2 3 3 4 3
2 5 2 3 4 4 4
1 3 2 3 5 4 5
1 21 4 3 6 3 7 3 8 3 9
4 2 2 4 2 5 2
3 126 3 4 6 4 7 5 7
2 5 2 4 8 4 9
2 8 2 5 1 6 1
2 3 2 5 3 5 4
2 7 2 5 5 5 6
2 2 2 5 8 6 8
4 3 2 5 9 6 9
1 17 2 6 2 6 3
3 150 3 6 4 7 4 7 5
3 24 3 6 5 6 6 6 7
3 252 4 7 1 8 1 9 1 9 2
1 3 2 7 2 7 3
3 18 2 7 6 8 6
1 15 3 7 7 7 8 7 9
2 3 2 8 2 8 3
2 1 2 8 4 8 5
1 17 2 8 7 8 8
2 8 2 9 3 9 4
0 7 1 9 5
1 13 2 9 6 9 7
1 12 3 8 9 9 8 9 9